3.78054 770.817
2.57482 251.372
2.00068 141.344
1.69918 138.616
1.51305 101.911
1.39499 56.3725
1.32292 53.6974
1.25732 39.2982
1.21553 32.7594
1.18934 26.9922
1.17655 24.457
1.17917 26.7868
1.20333 42.4221
1.23922 80.2004
1.28186 135.282
1.33988 296.881
1.36561 46.9133
1.39694 27.1616
1.4247 27.2669
1.46139 38.8334
1.48273 27.8309
1.50093 27.6447
1.50339 25.0543
1.50426 24.7745
1.48979 23.5847
1.47105 23.7897
1.45291 23.2155
1.43235 22.2821
1.41582 22.3906
1.40411 21.4906
1.39622 22.098
1.39579 22.8661
1.3825 22.1964
1.37085 21.9262
1.35561 21.1309
1.34748 20.8898
1.33981 20.0154
1.33664 19.7568
1.34568 21.1834
