0.000000000000000000e+00 0.000000000000000000e+00
1.000000000000000056e-01 4.560436791774209020e+00
2.000000000000000111e-01 7.613944332457531772e+00
3.000000000000000444e-01 8.585518914141157865e+00
4.000000000000000222e-01 7.444697670368615405e+00
5.000000000000000000e-01 4.660905744745839741e+00
6.000000000000000888e-01 1.045442732735001767e+00
7.000000000000000666e-01 -2.471927626259629918e+00
8.000000000000000444e-01 -5.072998834946972124e+00
9.000000000000000222e-01 -6.233007220814103633e+00
1.000000000000000000e+00 -5.816169729258918508e+00
1.100000000000000089e+00 -3.570613570536244286e+00
1.200000000000000178e+00 -5.334647671657941626e-01
1.300000000000000044e+00 2.623024812781241888e+00
1.400000000000000133e+00 5.262498897116552499e+00
1.500000000000000000e+00 6.930798155002352523e+00
1.600000000000000089e+00 7.445473160961148196e+00
1.700000000000000178e+00 6.912853149039044354e+00
1.800000000000000044e+00 5.675548723175521282e+00
1.900000000000000133e+00 4.209359787588474511e+00
2.000000000000000000e+00 2.998658177405513658e+00
2.100000000000000089e+00 2.421612458528866085e+00
2.200000000000000178e+00 2.671321762580010084e+00
2.300000000000000266e+00 3.727996516607899213e+00
2.400000000000000355e+00 5.383873428294290164e+00
2.500000000000000000e+00 7.309984582720118418e+00
2.600000000000000089e+00 9.145088759201524198e+00
2.700000000000000178e+00 1.058373284242350643e+01
2.800000000000000266e+00 1.144280766372578384e+01
2.900000000000000355e+00 1.169298602511891794e+01
3.000000000000000000e+00 1.145098829916834049e+01
3.100000000000000089e+00 1.093822304702407067e+01
3.200000000000000178e+00 1.041873322846210748e+01
3.300000000000000266e+00 1.013301690040417924e+01
3.400000000000000355e+00 1.024368518167982423e+01
3.500000000000000000e+00 1.080461621696992758e+01
3.600000000000000089e+00 1.175862643040051658e+01
3.700000000000000178e+00 1.296149318034499487e+01
3.800000000000000266e+00 1.422416927302229261e+01
3.900000000000000355e+00 1.536152622772974752e+01
4.000000000000000000e+00 1.623553704086743821e+01
4.100000000000000533e+00 1.678326787459932135e+01
4.200000000000000178e+00 1.702453861172843119e+01
4.299999999999999822e+00 1.704938472048559106e+01
4.400000000000000355e+00 1.699019246974981456e+01
4.500000000000000000e+00 1.698652184160357947e+01
4.600000000000000533e+00 1.715158920742753779e+01
4.700000000000000178e+00 1.754813753169208113e+01
4.800000000000000711e+00 1.817847784455581106e+01
4.900000000000000355e+00 1.898969637844529856e+01
5.000000000000000000e+00 1.989135906775353746e+01
5.100000000000000533e+00 2.078035874473683364e+01
5.200000000000000178e+00 2.156637944714697852e+01
5.300000000000000711e+00 2.219192805505295496e+01
5.400000000000000355e+00 2.264273734640378777e+01
5.500000000000000000e+00 2.294700919693820751e+01
5.600000000000000533e+00 2.316473797952535563e+01
5.700000000000000178e+00 2.337057006951480176e+01
5.800000000000000711e+00 2.363484726752061960e+01
5.900000000000000355e+00 2.400746692799090454e+01
6.000000000000000000e+00 2.450808801981677121e+01
6.100000000000000533e+00 2.512438347033988606e+01
6.200000000000000178e+00 2.581798426341224584e+01
6.300000000000000711e+00 2.653598484028893978e+01
6.400000000000000355e+00 2.722477366859887482e+01
6.500000000000000000e+00 2.784271375498878243e+01
6.600000000000000533e+00 2.836879916522821787e+01
6.700000000000000178e+00 2.880563384237345659e+01
6.800000000000000711e+00 2.917657219315218242e+01
6.900000000000000355e+00 2.951824976576211057e+01
7.000000000000000000e+00 2.987070003754432790e+01
7.100000000000000533e+00 3.026761227467045856e+01
7.200000000000000178e+00 3.072900909879426123e+01
7.300000000000000711e+00 3.125783626382427727e+01
7.400000000000000355e+00 3.184089467925275585e+01
7.500000000000000000e+00 3.245348218099525894e+01
7.600000000000000533e+00 3.306629993859643690e+01
7.700000000000000178e+00 3.365278310103632009e+01
7.800000000000000711e+00 3.419509060861037142e+01
7.900000000000000355e+00 3.468747252884367782e+01
8.000000000000000000e+00 3.513647223578583123e+01
8.099999999999999645e+00 3.555821706989280528e+01
8.200000000000001066e+00 3.597371197998538861e+01
8.300000000000000711e+00 3.640343346626468701e+01
8.400000000000000355e+00 3.686256230720608329e+01
8.500000000000000000e+00 3.735791589125904721e+01
8.599999999999999645e+00 3.788714015319785489e+01
8.700000000000001066e+00 3.844013620063279291e+01
8.800000000000000711e+00 3.900217332551457616e+01
8.900000000000000355e+00 3.955779551323703913e+01
9.000000000000000000e+00 3.984452684308428161e+01
9.099999999999999645e+00 3.985552313844625871e+01
9.200000000000001066e+00 3.984064628346990844e+01
9.300000000000000711e+00 3.980585855189343647e+01
9.400000000000000355e+00 3.976123931793690502e+01
9.500000000000000000e+00 3.971822186072815697e+01
9.600000000000001421e+00 3.968677458468076225e+01
9.700000000000001066e+00 3.967319512725884323e+01
9.800000000000000711e+00 3.967897801642112654e+01
9.900000000000000355e+00 3.970092012528375847e+01
